1403636579763555840.000000 0.000000000 0.000000000 0.000000000 -0.000000000 -0.000000000 -0.000000000 1.000000000
1403636579913555712.000000 0.000085869 0.010519382 0.003982326 -0.005898432 0.005691405 -0.002992370 0.999961972
1403636579963555584.000000 -0.000045245 0.015004508 0.005327571 -0.012003606 0.005714600 -0.002995675 0.999907136
1403636580113555456.000000 -0.000403937 0.029230295 0.009511604 -0.023339797 0.005502915 0.001577907 0.999711215
1403636580313555456.000000 -0.000859861 0.045984946 0.013683635 -0.033820674 0.004572694 -0.000008905 0.999417484
1403636580413555712.000000 -0.001158572 0.052408133 0.014685379 -0.046986163 0.003617464 -0.002053696 0.998886883
1403636580513555456.000000 -0.001491989 0.055984821 0.014992376 -0.064296871 0.002908421 -0.002546703 0.997923374
1403636580713555456.000000 -0.002087433 0.045596182 0.012023384 -0.068392120 0.001492668 -0.003197707 0.997652292
1403636584013555456.000000 0.002741525 0.050713446 0.014564940 -0.063933343 0.027005060 -0.011360200 0.997524023
1403636586363555584.000000 0.001222041 0.020534270 -0.003068631 -0.166624665 0.043609943 0.011860269 0.984984159
1403636586613555456.000000 0.002311009 0.020492926 -0.008054253 -0.205829114 0.041406214 0.012836033 0.977627277
1403636587763555840.000000 0.037048940 0.014876893 0.000807214 -0.188836202 0.040533576 0.021815870 0.980929196
1403636588013555456.000000 0.053883534 0.014730987 0.002563465 -0.195384800 0.060593791 0.027608914 0.978463590
1403636588163555584.000000 0.061115440 0.015681705 0.003343345 -0.205835223 0.066129968 0.030442063 0.975874960
1403636588463555584.000000 0.065340623 0.016951835 0.003770778 -0.199587345 0.061242856 0.034268722 0.977363765
1403636588913555712.000000 0.046152171 0.017085552 0.000029860 -0.202616185 0.051197309 0.030527724 0.977442384
1403636589863555584.000000 -0.034713846 0.020069553 -0.008482400 -0.197075129 0.005498121 0.008003923 0.980340302
1403636590013555456.000000 -0.043792676 0.021827133 -0.009190541 -0.201349065 -0.008605153 0.007989467 0.979449153
1403636590113555456.000000 -0.048078738 0.021991953 -0.009571931 -0.195658416 -0.014407150 0.007419264 0.980538249
1403636590763555840.000000 -0.024510387 0.019406611 -0.011793086 -0.188502416 0.010803629 0.003001067 0.982008696
1403636591463555584.000000 0.028542208 0.020253345 -0.005441998 -0.201420352 0.024075333 0.018665500 0.979031086
1403636591613555456.000000 0.033772301 0.021528779 -0.002659728 -0.190933824 0.040602978 0.020568645 0.980547071
1403636592063555840.000000 0.040978678 0.020159850 0.005579587 -0.142491907 0.088197082 0.030830897 0.985376477
1403636592213555456.000000 0.044909623 0.018846683 0.011027016 -0.154974461 0.101453871 0.040798601 0.981848001
1403636593613555456.000000 -0.030592417 0.025083471 0.001911378 -0.183793202 -0.096549548 -0.003907872 0.978203952
1403636593763555840.000000 -0.025274787 0.030348647 -0.008616813 -0.196079373 -0.066295266 0.013162378 0.978255928
1403636593913555712.000000 -0.014308627 0.033840939 -0.016699072 -0.190632224 -0.011740006 0.035979215 0.980931759
1403636594063555840.000000 0.000794552 0.034839407 -0.021362117 -0.175313637 0.048482858 0.055297811 0.981762052
1403636594213555456.000000 0.016799815 0.034190584 -0.020689597 -0.173431858 0.097641490 0.070960656 0.977421165
1403636594363555584.000000 0.032975152 0.032130819 -0.014057097 -0.174622729 0.128035322 0.073248588 0.973523736
1403636594513555456.000000 0.047394227 0.028407376 -0.002475832 -0.162939608 0.140714020 0.064224757 0.974435985
1403636594663555584.000000 0.055400938 0.023884533 0.010856234 -0.148563236 0.138384581 0.064925045 0.977017581
1403636594813555456.000000 0.052365020 0.020639837 0.022846734 -0.142300159 0.119424134 0.058060516 0.980875909
1403636595013555456.000000 0.031488147 0.019177860 0.032813817 -0.135483652 0.058605008 0.031121299 0.988555074
1403636595963555584.000000 0.014492529 0.037824400 -0.003074640 -0.165273055 0.002188873 0.000382911 0.986245394
1403636596113555456.000000 0.025597984 0.041031424 -0.011083104 -0.172849819 0.046461113 0.014212559 0.983749092
1403636596263555840.000000 0.025973262 0.043044720 -0.020171450 -0.172875822 0.063947551 0.026970278 0.982495427
1403636596513555456.000000 0.009852838 0.043770883 -0.038200043 -0.160400003 0.064971790 0.024803450 0.984599113
1403636596713555456.000000 -0.001478335 0.044499405 -0.047209602 -0.161043733 0.061853919 0.017860860 0.984845161
1403636597013555456.000000 -0.000654692 0.041883655 -0.034908455 -0.155133754 0.063405693 0.004065328 0.985848248
1403636597213555456.000000 0.006082271 0.035815008 -0.013499283 -0.174504340 0.049284015 -0.000452327 0.983422160
1403636598263555840.000000 -0.005722020 0.035181712 -0.000494841 -0.174761489 -0.070936017 -0.053400755 0.980599225
1403636598413555712.000000 -0.003014442 0.040462945 -0.004007221 -0.188913748 -0.058540180 -0.057443656 0.978562653
1403636598563555840.000000 0.000379594 0.043179907 0.000584587 -0.180330485 -0.058147814 -0.059628066 0.980073571
1403636598763555840.000000 0.004063418 0.044331439 0.013837835 -0.144692421 -0.079539493 -0.056787781 0.984638393
1403636598913555712.000000 0.006250506 0.047102809 0.024339067 -0.110455617 -0.091144934 -0.050829183 0.988386869
1403636599113555456.000000 0.008273520 0.051786356 0.034792911 -0.075371176 -0.098265707 -0.046454828 0.991213918
1403636599763555840.000000 0.010012608 0.058172468 0.048382062 0.000635641 -0.084101669 -0.031860195 0.995947480
1403636600013555456.000000 0.010616501 0.058383249 0.048296865 0.015769430 -0.083289042 -0.025044717 0.996085882
1403636612563555840.000000 0.011042662 0.058538042 0.048204321 0.019375321 -0.085840598 -0.018934593 0.995940506
1403636623663555584.000000 0.011062366 0.058460396 0.048218191 0.019549971 -0.085242972 -0.018107070 0.996003807
1403636624563555840.000000 0.013602889 0.058966268 0.046713486 -0.005141553 -0.073495761 -0.019716822 0.997087359
1403636624763555840.000000 0.017715434 0.059857178 0.044529516 -0.000927579 -0.068016350 -0.030612426 0.997214019
1403636624913555712.000000 0.022325527 0.060323495 0.041249931 -0.013705665 -0.061403021 -0.053254552 0.996597111
1403636625113555456.000000 0.027052743 0.055859182 0.034427669 -0.036650605 -0.056655381 -0.070546910 0.995223641
1403636625313555456.000000 0.028099515 0.046549406 0.028933337 -0.030826446 -0.063392416 -0.055974085 0.995940804
1403636625563555840.000000 0.028144710 0.047040246 0.029304132 -0.035903968 -0.066787750 -0.055617981 0.995568693
1403636626913555712.000000 0.025779290 -0.004194804 0.034506448 -0.001247091 -0.081712022 -0.052810639 0.995255053
1403636627613555456.000000 0.038583566 -0.011332080 0.023034748 -0.008849846 -0.074510887 -0.045186937 0.996156573
1403636627863555584.000000 0.044890165 -0.007313119 0.021472931 -0.033541258 -0.046741795 -0.040772844 0.997510791
1403636628963555584.000000 0.077754334 -0.032328807 0.034719113 -0.023081481 -0.006862169 -0.023888525 0.999424577
1403636629213555456.000000 0.090678230 -0.040064778 0.038573917 -0.027267946 0.011709706 -0.020062843 0.999358237
1403636629413555712.000000 0.101073317 -0.044523425 0.045255050 -0.017363386 0.026747428 -0.007302637 0.999464750
1403636629863555584.000000 0.131632030 -0.039206456 0.066942364 -0.035022061 0.102918446 0.021961616 0.993830442
1403636630063555840.000000 0.148254827 -0.036565278 0.080534853 -0.035059005 0.136295930 0.030846134 0.989566982
1403636630363555584.000000 0.173137739 -0.046006549 0.101903550 -0.007255748 0.156372353 0.032895777 0.987123549
1403636630663555584.000000 0.197680384 -0.060880411 0.118587472 -0.017078789 0.156115815 0.022080513 0.987344265
1403636631163555584.000000 0.233745262 -0.077498630 0.154219776 -0.013123191 0.144129977 0.027057368 0.989101708
1403636632113555456.000000 0.293839067 -0.088908128 0.228709847 -0.011075064 0.140941620 0.013308179 0.989866495
1403636633063555840.000000 0.326916605 -0.097403266 0.303771347 -0.018415604 0.052907541 -0.012754628 0.998348117
1403636633563555840.000000 0.343513668 -0.105060600 0.352820307 -0.029220501 0.024666363 -0.012019153 0.999196291
1403636633763555840.000000 0.350444615 -0.107727908 0.376218349 -0.031993791 0.029556390 -0.009215018 0.999008477
1403636633963555584.000000 0.357808501 -0.115354583 0.399447769 -0.027598282 0.032077651 0.002824003 0.999100327
1403636634563555840.000000 0.390981644 -0.146540463 0.475417554 -0.007652406 0.033284184 -0.015094844 0.999302685
1403636634763555840.000000 0.402468085 -0.152829081 0.501260817 -0.006992035 0.021576237 -0.024495706 0.999442637
1403636634963555584.000000 0.412412733 -0.161620751 0.525301218 -0.015516108 0.008247112 -0.028652731 0.999435008
1403636635163555584.000000 0.421115577 -0.172344774 0.547564685 -0.020284742 0.000160045 -0.034013972 0.999215484
1403636635363555584.000000 0.427996904 -0.179025680 0.572901070 -0.026283734 -0.006611737 -0.026934626 0.999269724
1403636635563555840.000000 0.435606539 -0.187711865 0.598188519 -0.027818035 -0.009762222 -0.020073194 0.999363780
1403636635763555840.000000 0.443779022 -0.201979190 0.623696327 -0.021399550 -0.009579777 -0.015183011 0.999609828
1403636635963555584.000000 0.453553468 -0.221758515 0.647969186 -0.020087248 -0.011299249 -0.002841465 0.999730349
1403636636163555584.000000 0.465881765 -0.241112679 0.673157275 -0.030573511 -0.004554568 -0.018477121 0.999351382
1403636636563555840.000000 0.492785513 -0.284835160 0.722168982 0.012580754 0.001044532 -0.037563320 0.999214530
1403636636763555840.000000 0.504004002 -0.297564656 0.744602561 0.012499775 0.006932923 -0.054257747 0.998424649
1403636637063555840.000000 0.513323605 -0.304518431 0.773032844 0.000909379 -0.000577926 -0.042751253 0.999085188
1403636637413555712.000000 0.517013013 -0.306115568 0.803141177 -0.018358449 -0.007477143 -0.034052368 0.999223471
1403636637613555456.000000 0.517977357 -0.313270420 0.818172753 -0.022435144 -0.010591720 -0.033285789 0.999137938
1403636638013555456.000000 0.518162906 -0.340959400 0.846570969 -0.010719208 -0.013851619 -0.033946063 0.999270201
1403636638213555456.000000 0.518286526 -0.346569151 0.863607407 -0.005219774 -0.015205858 -0.033506639 0.999309182
1403636638413555712.000000 0.518562615 -0.346622407 0.880316198 -0.023058759 -0.019554224 -0.022852289 0.999281585
1403636638613555456.000000 0.520020783 -0.344815880 0.899100304 -0.048943259 -0.022023063 -0.015506053 0.998438358
1403636638863555584.000000 0.525284529 -0.353727639 0.926108241 -0.029499399 -0.019165609 -0.028616304 0.998971283
1403636639113555456.000000 0.530669570 -0.370209277 0.953932106 -0.022556389 -0.026950058 -0.008331437 0.999347568
1403636639363555584.000000 0.542068481 -0.376493007 0.986801445 -0.024881776 -0.026282428 -0.010442814 0.999290347
1403636639563555840.000000 0.554485917 -0.375885010 1.016251206 -0.021224435 -0.017359100 -0.037041951 0.998937488
1403636639813555456.000000 0.569440484 -0.376682639 1.051609397 -0.006071992 -0.018551467 -0.038519710 0.999067187
1403636641413555712.000000 0.630590975 -0.413676888 1.199291110 -0.006654785 -0.058336273 -0.038811140 0.997520089
1403636641713555456.000000 0.639963329 -0.413705260 1.219710827 -0.005423337 -0.054245897 -0.046180684 0.997444391
1403636641863555584.000000 0.643739641 -0.417247057 1.227283716 -0.004086792 -0.052658379 -0.047146026 0.997490704
1403636643213555456.000000 0.679195762 -0.434919924 1.270546794 -0.011205446 0.003100682 -0.020108951 0.999730229
1403636643613555456.000000 0.692049384 -0.439498484 1.284211516 -0.029250981 0.000129272 -0.021322530 0.999344647
1403636644013555456.000000 0.705809891 -0.458771169 1.303343058 -0.047406442 -0.000923019 -0.027767137 0.998489261
1403636644163555584.000000 0.710953236 -0.463494956 1.315536618 -0.047368430 -0.000756243 -0.028461760 0.998471618
1403636644513555456.000000 0.725350738 -0.470801800 1.353569031 -0.003653019 -0.011357678 0.004239250 0.999919891
1403636644913555712.000000 0.753526390 -0.459565639 1.400444746 -0.002564273 0.002483503 -0.027280848 0.999621451
1403636645463555584.000000 0.794443250 -0.456914544 1.460759401 -0.045973301 0.006599869 -0.024363155 0.998623729
1403636645763555840.000000 0.814922094 -0.464580148 1.506371021 -0.035356380 0.007616055 -0.025908573 0.999009848
1403636645913555712.000000 0.824841022 -0.472724944 1.530950546 -0.036633737 0.006431019 -0.022989474 0.999043584
1403636646213555456.000000 0.846290827 -0.499822736 1.579497933 -0.013917053 0.036345016 0.004674254 0.999231458
1403636646363555584.000000 0.858636260 -0.511799157 1.604795933 -0.001419040 0.072177716 0.026171656 0.997047365
1403636647113555456.000000 0.928670943 -0.571183145 1.693618417 -0.002128542 0.159866795 0.032480087 0.986601830
1403636647363555584.000000 0.950964093 -0.585591912 1.715727687 -0.004474906 0.155957267 0.034340858 0.987156570
1403636647513555456.000000 0.964072704 -0.590097904 1.728352308 0.003425801 0.151568696 0.036440432 0.987768888
1403636647763555840.000000 0.987925172 -0.599662781 1.745388269 0.010658333 0.150884479 0.039307408 0.987712145
1403636648013555456.000000 1.012557507 -0.605360806 1.757410645 0.006909786 0.174539655 0.042474642 0.983709335
1403636648363555584.000000 1.049713373 -0.600631177 1.770795226 0.007214431 0.257154226 0.070686243 0.963754714
1403636649263555840.000000 1.138034105 -0.600189507 1.775575161 0.001667602 0.352406561 0.093580291 0.931155026
1403636649613555456.000000 1.168802261 -0.627001405 1.766219735 0.002219281 0.341287702 0.091535516 0.935488641
1403636649963555584.000000 1.195601583 -0.650167823 1.753452539 0.013789268 0.362513840 0.095201463 0.927000701
1403636650363555584.000000 1.221781373 -0.652953982 1.738111973 0.011265606 0.415479451 0.114225075 0.902331769
1403636650713555456.000000 1.239052892 -0.639130592 1.722711563 -0.004754306 0.480468124 0.144172221 0.865067720
1403636651463555584.000000 1.253173113 -0.635703504 1.679875374 -0.001261113 0.492395192 0.144057274 0.858366430
1403636651763555840.000000 1.255026817 -0.631688952 1.662509918 0.014493994 0.487388343 0.140678078 0.861656725
1403636652113555456.000000 1.253597736 -0.616634250 1.636139750 0.022256603 0.535051763 0.164821997 0.828286171
1403636652463555584.000000 1.247728705 -0.589398742 1.606619954 -0.007083948 0.624246538 0.206888676 0.753301501
1403636653213555456.000000 1.259646893 -0.562650442 1.534698129 -0.009175555 0.656244040 0.208418027 0.725135505
1403636653413555712.000000 1.268209100 -0.556532145 1.517853141 0.000470522 0.653652608 0.194363534 0.731410205
1403636653913555712.000000 1.280371308 -0.554278970 1.476516008 0.008566746 0.646232188 0.183368146 0.740733862
1403636654063555840.000000 1.281200886 -0.548722982 1.465596318 0.008898283 0.643149674 0.190577865 0.741592467
1403636654163555584.000000 1.281188369 -0.544903994 1.460941792 0.011758741 0.645937741 0.192937866 0.738512814
1403636654763555840.000000 1.270088673 -0.539668560 1.415315866 -0.001729121 0.707021534 0.226979896 0.669774354
1403636654863555584.000000 1.267076969 -0.537314713 1.407727480 -0.003549722 0.713121533 0.229540825 0.662386715
1403636655263555840.000000 1.255193233 -0.525084257 1.385234952 0.015973810 0.728849411 0.215764061 0.649591625
1403636655363555584.000000 1.250872374 -0.521785021 1.380652308 0.019516088 0.733342707 0.217357576 0.643881440
1403636655463555584.000000 1.245536447 -0.518111706 1.375487447 0.022128433 0.738782465 0.219079450 0.636957705
1403636655713555456.000000 1.227523804 -0.509606242 1.361445189 0.011606580 0.752452493 0.247253701 0.610365570
1403636655913555712.000000 1.212323785 -0.496083885 1.352296710 0.008987091 0.768102884 0.264684081 0.582991898
1403636656113555456.000000 1.198513389 -0.480483770 1.340134740 0.010436175 0.786863387 0.271143168 0.554272950
1403636656313555456.000000 1.184232235 -0.472897470 1.324322343 0.002345535 0.795531452 0.274371445 0.540226400
1403636656513555456.000000 1.171291232 -0.470711350 1.304770947 -0.000582232 0.796643972 0.275483847 0.538021088
1403636656613555456.000000 1.165155053 -0.471269965 1.294578910 -0.000848579 0.797056735 0.271839738 0.539261460
1403636656813555456.000000 1.154972672 -0.468858302 1.275059938 0.012685345 0.801853359 0.249534428 0.542773247
1403636657013555456.000000 1.142916799 -0.462553918 1.257869720 0.017566890 0.801961541 0.240214840 0.546667993
1403636657113555456.000000 1.136284590 -0.457131982 1.249123812 0.022283627 0.800193489 0.240922585 0.548771501
1403636657213555456.000000 1.128454328 -0.452237427 1.241517782 0.026142582 0.798102140 0.243557990 0.550480843
1403636657513555456.000000 1.099763513 -0.439772099 1.218408823 0.019276755 0.789991021 0.268068969 0.551073194
1403636657813555456.000000 1.069248676 -0.421304703 1.193364620 0.018602224 0.790689766 0.274002343 0.547162116
1403636657913555712.000000 1.059343100 -0.413351655 1.183936596 0.022708472 0.789482832 0.282185584 0.544584811
1403636658113555456.000000 1.038551450 -0.401607722 1.161600590 0.014209418 0.792275131 0.283119291 0.540316164
1403636658213555456.000000 1.028284431 -0.397156119 1.148936391 0.006223086 0.795640469 0.278460145 0.537938118
1403636658313555456.000000 1.018915772 -0.390887141 1.134211659 -0.000816103 0.797720134 0.273914427 0.537226975
1403636658413555712.000000 1.009810328 -0.384698391 1.121607065 -0.005239889 0.799274027 0.272450686 0.535634398
1403636658513555456.000000 1.001536012 -0.378172219 1.108359814 -0.011606995 0.800615370 0.270191342 0.534674525
1403636658613555456.000000 0.993562818 -0.370454848 1.095668554 -0.018263398 0.802580774 0.264923573 0.534177899
1403636658713555456.000000 0.986454010 -0.363351256 1.083645821 -0.020449895 0.803860903 0.261957675 0.533636153
1403636658963555584.000000 0.973107219 -0.344925642 1.056495070 -0.013532748 0.808685780 0.248485193 0.533009768
1403636659213555456.000000 0.962275147 -0.324119449 1.036299348 0.003099189 0.810044408 0.243894085 0.533229887
1403636659313555456.000000 0.956794381 -0.316539168 1.029504776 0.002129633 0.809140801 0.246525332 0.533396542
1403636659413555712.000000 0.950795650 -0.309566438 1.023059249 -0.003496018 0.807002604 0.252273500 0.533940732
1403636659513555456.000000 0.945347071 -0.303854376 1.017081141 -0.008967537 0.805887401 0.256090343 0.533744276
1403636659613555456.000000 0.940516829 -0.299591541 1.011168242 -0.008230449 0.806279123 0.256049573 0.533183694
1403636659913555712.000000 0.925595999 -0.281237960 0.997792840 -0.005714076 0.809619725 0.252641946 0.529769123
1403636660013555456.000000 0.920634806 -0.273657978 0.995408535 -0.010861145 0.808313370 0.259265810 0.528481603
1403636660113555456.000000 0.916543365 -0.266308725 0.993523955 -0.016561119 0.806672573 0.266607583 0.527186394
1403636660213555456.000000 0.912470102 -0.256896913 0.992165446 -0.018343495 0.805820405 0.269484878 0.526967645
1403636660513555456.000000 0.907596946 -0.236617118 0.988329411 -0.034346946 0.799653113 0.288124561 0.525699079
1403636660713555456.000000 0.911988676 -0.225444317 0.984887958 -0.023488911 0.808204651 0.262363225 0.526705861
1403636660863555584.000000 0.917311192 -0.215324491 0.984686196 -0.025184253 0.814550757 0.241441965 0.526857316
1403636661113555456.000000 0.927115381 -0.195680693 0.991503596 -0.012066778 0.814645708 0.240308478 0.527691722
1403636661263555840.000000 0.932496071 -0.184607178 0.998766959 -0.004455346 0.813611209 0.243268490 0.528050661
1403636661363555584.000000 0.936316609 -0.179149508 1.004088044 -0.002236815 0.813605607 0.243448392 0.527990341
1403636661463555584.000000 0.938921869 -0.175171360 1.009618998 -0.001672976 0.813375533 0.243645668 0.528255880
1403636661563555840.000000 0.941409945 -0.172601596 1.015344858 -0.000813008 0.811967015 0.247120947 0.528810263
1403636662263555840.000000 0.942049861 -0.188140124 1.050871849 0.003588008 0.810736418 0.246643379 0.530905426
1403636662563555840.000000 0.934211493 -0.191900641 1.069052339 -0.014227889 0.808207810 0.260084152 0.528160930
1403636662713555456.000000 0.931399941 -0.192780420 1.079622507 0.004542386 0.803962529 0.274497539 0.527517617
1403636663163555584.000000 0.924867392 -0.183774114 1.104525805 0.015588513 0.795783699 0.301167578 0.525150895
1403636663313555456.000000 0.923687339 -0.180318788 1.106748223 -0.007887980 0.800834119 0.290123463 0.523861408
1403636663463555584.000000 0.924095869 -0.173343167 1.108055711 -0.031223116 0.802145362 0.285803586 0.523358583
1403636663713555456.000000 0.932362795 -0.159743458 1.111510038 -0.047131281 0.801703334 0.285663903 0.522921205
1403636663963555584.000000 0.953101873 -0.150626272 1.114922166 -0.057568882 0.809625745 0.253825247 0.526084304
1403636664113555456.000000 0.970003486 -0.150592923 1.119606018 -0.048970703 0.812351346 0.239859760 0.529296219
1403636664263555840.000000 0.989783406 -0.154392108 1.127601385 -0.028119266 0.811232746 0.237084165 0.533761978
1403636664413555712.000000 1.009703994 -0.154411539 1.138579607 -0.015261328 0.808677733 0.235849321 0.538686037
1403636664713555456.000000 1.047859907 -0.149436846 1.169750333 0.004968557 0.799795032 0.241364837 0.549587309
1403636664863555584.000000 1.064598680 -0.150949538 1.185438395 -0.004220047 0.796849489 0.240597025 0.554189622
1403636665013555456.000000 1.080409646 -0.154139712 1.201049805 -0.005478266 0.791978121 0.247086793 0.558290958
1403636665213555456.000000 1.100850821 -0.164361417 1.221718788 -0.008370280 0.785351038 0.260562897 0.561480820
1403636665913555712.000000 1.172042608 -0.207031578 1.286277413 0.002418574 0.794079781 0.244821981 0.556321502
1403636666113555456.000000 1.191277742 -0.219669595 1.306598544 0.015921989 0.792342901 0.253546476 0.554665148
1403636666313555456.000000 1.207697392 -0.227342486 1.327666283 0.013886292 0.794933677 0.246404767 0.554231286
1403636666613555456.000000 1.226822853 -0.237092257 1.357217193 0.011697221 0.789261222 0.255975306 0.558038116
1403636666863555584.000000 1.238947868 -0.250664532 1.379097223 -0.007951210 0.782991290 0.268620908 0.560985088
1403636667113555456.000000 1.253307223 -0.259133428 1.397325754 0.006415364 0.776853502 0.280870169 0.563533008
1403636668013555456.000000 1.310394049 -0.271470249 1.454072833 0.001880251 0.779635727 0.270390898 0.564848125
1403636668613555456.000000 1.357309103 -0.262361079 1.489412546 -0.012648164 0.792312860 0.259766161 0.551907539
1403636668813555456.000000 1.376355290 -0.257218033 1.503063202 -0.021848464 0.798614800 0.247477546 0.548171520
1403636669013555456.000000 1.396232247 -0.257473707 1.518899322 -0.017451707 0.802851558 0.235713422 0.547324419
1403636669213555456.000000 1.415250421 -0.264466971 1.537193060 -0.000861660 0.802370250 0.239839539 0.546514630
1403636669413555712.000000 1.433456302 -0.268429637 1.557425141 0.000421475 0.802620471 0.239897534 0.546122074
1403636669613555456.000000 1.448944926 -0.271082878 1.582419515 0.008596291 0.805980086 0.227739081 0.546312332
1403636669813555456.000000 1.459850192 -0.275898486 1.609221458 0.025773102 0.805836201 0.222531274 0.548127472
1403636670013555456.000000 1.464169502 -0.285396665 1.635665894 0.054899063 0.790511310 0.260667801 0.551480114
1403636670213555456.000000 1.461635947 -0.297267914 1.654955387 0.072442949 0.780390799 0.272373617 0.558171093
1403636670413555712.000000 1.451161265 -0.305099875 1.667185783 0.095331304 0.767207146 0.276539147 0.570816338
1403636671713555456.000000 1.221688390 -0.291527033 1.445104122 -0.037118152 0.579990268 0.204178363 0.787746608
1403636671963555584.000000 1.179142714 -0.279200941 1.377723813 -0.067735739 0.570755124 0.213426605 0.789999723
1403636673663555584.000000 1.157472253 -0.257080853 1.227940798 -0.048689187 0.525843382 0.155292645 0.834866703
1403636673963555584.000000 1.174610019 -0.261109293 1.245089769 -0.027666643 0.528098106 0.138159066 0.837412119
1403636674263555840.000000 1.190850616 -0.268515080 1.270689249 -0.019106418 0.526145637 0.145386353 0.837656558
1403636674763555840.000000 1.213178396 -0.258805573 1.325820208 0.000069114 0.485337973 0.161494896 0.859282553
1403636677013555456.000000 1.391529322 -0.295745313 1.617615223 -0.013590337 0.238339245 0.065422170 0.968880653
1403636677263555840.000000 1.404300332 -0.298810631 1.659067869 -0.012653704 0.243971333 0.042283718 0.968777537
1403636678013555456.000000 1.411275506 -0.324646175 1.750317097 -0.008381039 0.102376834 0.037280485 0.994011521
1403636678563555840.000000 1.421709418 -0.344678044 1.791039705 -0.013703819 0.014198767 -0.019447606 0.999616146
1403636678763555840.000000 1.426077724 -0.354775250 1.802302480 -0.011928909 -0.027164686 -0.053242385 0.998140812
1403636679013555456.000000 1.427207947 -0.360429138 1.817367315 -0.011223713 -0.072891437 -0.100078836 0.992242455
1403636679763555840.000000 1.402366400 -0.371569097 1.842901945 -0.007353367 -0.240362778 -0.106496580 0.964795411
1403636679963555584.000000 1.398617864 -0.383526385 1.842191219 0.008550792 -0.246059507 -0.117931992 0.962015450
1403636680163555584.000000 1.394993782 -0.396762311 1.836687446 0.019117285 -0.235449731 -0.144157887 0.960945666
1403636680313555456.000000 1.390479803 -0.404150426 1.829626441 0.023658773 -0.232448071 -0.145063519 0.961438894
1403636680713555456.000000 1.367381811 -0.405084759 1.799158931 0.009085841 -0.219385266 -0.149497673 0.964073658
1403636680913555712.000000 1.349332809 -0.399484873 1.778914452 -0.011630461 -0.230207980 -0.110048294 0.966829062
1403636681313555456.000000 1.311145544 -0.379518241 1.744805336 -0.019172873 -0.227212936 -0.117719315 0.966513753
1403636681513555456.000000 1.290197134 -0.374523163 1.730001450 -0.003700013 -0.231719732 -0.110986620 0.966423452
1403636681913555712.000000 1.248045921 -0.362318158 1.696620464 0.001305699 -0.236213759 -0.117393434 0.964582920
1403636682313555456.000000 1.206251860 -0.356978834 1.654128432 -0.014082857 -0.242257297 -0.111804113 0.963645697
1403636682563555840.000000 1.180433989 -0.349962980 1.629430413 -0.012277736 -0.238670722 -0.113220707 0.964399636
1403636682963555584.000000 1.139915586 -0.336701423 1.590372920 0.005969045 -0.230994329 -0.114774831 0.966143250
1403636683413555712.000000 1.095126987 -0.320345432 1.538545370 -0.000266610 -0.236813352 -0.110402331 0.965261996
1403636683613555456.000000 1.074818730 -0.308245331 1.514251828 -0.003796835 -0.239361703 -0.110142536 0.964655459
1403636684013555456.000000 1.037412643 -0.284084111 1.467662334 -0.015605571 -0.245451465 -0.109840572 0.963039517
1403636684213555456.000000 1.018757463 -0.280651927 1.443220139 -0.009775231 -0.249396533 -0.109472938 0.962144196
1403636684413555712.000000 1.001447082 -0.279051602 1.418570876 -0.002695831 -0.253355592 -0.109137729 0.961193383
1403636684613555456.000000 0.985287607 -0.274158955 1.394508600 -0.001938395 -0.257874757 -0.101586558 0.960821033
1403636685313555456.000000 0.947728872 -0.236839712 1.313643456 -0.006434456 -0.244145989 -0.124123298 0.961740494
1403636685513555456.000000 0.937188745 -0.230310798 1.286809206 -0.007845624 -0.241009265 -0.119938873 0.963051260
1403636685763555840.000000 0.922218442 -0.217326179 1.255413294 -0.006228106 -0.238919854 -0.117883578 0.963837087
1403636687213555456.000000 0.832445741 -0.154919207 1.091876388 -0.012269735 -0.247098371 -0.104914092 0.963215888
1403636687963555584.000000 0.801236212 -0.115173154 1.034077406 -0.005082503 -0.250941396 -0.106245473 0.962140620
1403636688213555456.000000 0.793708861 -0.093360066 1.017506242 -0.003574724 -0.247698262 -0.116383858 0.961814761
1403636688913555712.000000 0.771426380 -0.038813978 0.964191377 -0.008481906 -0.252931952 -0.128527313 0.958871365
1403636689113555456.000000 0.760497391 -0.027441513 0.946159363 -0.017671870 -0.268393695 -0.123231538 0.955231130
1403636689313555456.000000 0.748120070 -0.021456070 0.927921474 -0.024843492 -0.279993623 -0.123432182 0.951709449
1403636689513555456.000000 0.735585868 -0.022030320 0.910327435 -0.025118433 -0.286358893 -0.124430090 0.949676216
1403636689663555584.000000 0.726074696 -0.025484324 0.898104846 -0.033323668 -0.289420575 -0.121812426 0.948834598
1403636689913555712.000000 0.708454251 -0.029915288 0.883443773 -0.047631156 -0.293498456 -0.100325137 0.949486613
1403636690113555456.000000 0.696065426 -0.033061750 0.879745245 -0.044151187 -0.289695382 -0.101605855 0.950685859
1403636690313555456.000000 0.685636222 -0.037718769 0.880840302 -0.040149592 -0.282493800 -0.116911344 0.951271296
1403636690513555456.000000 0.674415767 -0.046821598 0.885198057 -0.036778424 -0.282669306 -0.113540173 0.951763690
1403636690713555456.000000 0.663071513 -0.054514103 0.893438280 -0.037303261 -0.290368289 -0.088371649 0.952095151
1403636690913555712.000000 0.654871404 -0.055802029 0.909015417 -0.026824202 -0.300389647 -0.058384992 0.951650023
1403636691063555840.000000 0.655194223 -0.056703687 0.923325002 -0.001601939 -0.306485772 -0.043782730 0.950866461
1403636691263555840.000000 0.665419936 -0.062708743 0.941639543 0.027575653 -0.301723123 -0.065642506 0.950733304
1403636691463555584.000000 0.685172498 -0.072256826 0.955389857 0.017633170 -0.295300752 -0.097944736 0.950207055
1403636691763555840.000000 0.722036123 -0.094539970 0.966810882 -0.002771388 -0.291541576 -0.125804275 0.948245287
1403636692063555840.000000 0.760035396 -0.112320334 0.975968063 0.001532982 -0.296184450 -0.114218913 0.948275566
1403636692363555584.000000 0.800254226 -0.131227657 0.981660664 -0.002090275 -0.291551501 -0.121610217 0.948790967
1403636692663555584.000000 0.836425483 -0.160220832 0.979566395 -0.003897056 -0.285932571 -0.127442390 0.949729383
1403636693013555456.000000 0.872097254 -0.191426322 0.973832667 -0.013976319 -0.272204816 -0.157542542 0.949151993
1403636693363555584.000000 0.894774318 -0.211848065 0.966607153 -0.029788399 -0.282036722 -0.137527063 0.949028075
1403636693713555456.000000 0.907001376 -0.221739203 0.968362570 -0.058420442 -0.284693927 -0.135694534 0.947165966
1403636694163555584.000000 0.907456875 -0.233031601 0.990351498 -0.004692201 -0.292892098 -0.122620493 0.948238611
1403636694563555840.000000 0.908200979 -0.245441407 1.006596923 -0.015569447 -0.291976511 -0.127031550 0.947824001
1403636695463555584.000000 0.915722132 -0.254644006 1.048663259 -0.010760194 -0.281328082 -0.122228168 0.951734781
1403636695813555456.000000 0.920488894 -0.262172163 1.062235117 -0.006962041 -0.276146203 -0.126218423 0.952766418
1403636696213555456.000000 0.923423171 -0.258600175 1.076596498 -0.021976003 -0.269707978 -0.132992744 0.953460872
1403636696563555840.000000 0.921311617 -0.252722353 1.088312030 0.004250915 -0.272774845 -0.116706789 0.954963565
1403636697163555584.000000 0.922842383 -0.246646866 1.088790536 0.007445572 -0.259190768 -0.150913224 0.953933895
1403636698213555456.000000 0.875348389 -0.252769202 1.028402209 -0.013346027 -0.174112633 -0.094551988 0.980085015
1403636700463555584.000000 0.783507407 -0.169848859 0.965850949 -0.009025067 0.243030027 0.087035671 0.966064095
1403636701613555456.000000 0.832440972 -0.128470153 0.937042594 -0.011932897 0.283463776 0.076983042 0.955813527
1403636702763555840.000000 0.898606837 -0.085203968 0.934169769 -0.027943954 0.396698773 0.113744892 0.910445690
1403636703513555456.000000 0.952568531 -0.055109978 0.958751798 -0.002675238 0.390319228 0.117464446 0.913151622
1403636704163555584.000000 1.001387596 -0.054877803 0.966479540 -0.004741731 0.381704926 0.117655843 0.916752934
1403636704813555456.000000 1.054779649 -0.050936937 0.979885161 -0.043513965 0.378383934 0.113247357 0.917663991
1403636705313555456.000000 1.110107780 -0.047992639 1.018531799 -0.024257191 0.378252208 0.097755790 0.920206904
1403636705813555456.000000 1.166476607 -0.056224316 1.074997544 -0.025030607 0.377359271 0.104099452 0.919856906
1403636706313555456.000000 1.225562334 -0.070602074 1.133988380 -0.002316975 0.371240377 0.104246482 0.922663450
1403636706813555456.000000 1.282498360 -0.077739850 1.189098716 -0.028793091 0.374074817 0.095780060 0.921989799
1403636707563555840.000000 1.356498241 -0.133239195 1.280968189 -0.027543874 0.389471799 0.101754427 0.914985836
1403636708013555456.000000 1.401223540 -0.166394919 1.349663258 -0.017843081 0.380310476 0.116355166 0.917336941
1403636708363555584.000000 1.440239549 -0.171690598 1.408628464 -0.000528414 0.370934486 0.121034525 0.920737743
1403636708813555456.000000 1.493523002 -0.178712994 1.471210718 0.002120878 0.382422537 0.094909400 0.919097781
1403636709163555584.000000 1.529055834 -0.184156716 1.511985540 0.005758924 0.397342086 0.085155994 0.913692832
1403636709513555456.000000 1.548299909 -0.198749036 1.548064470 -0.011921741 0.400445253 0.090185992 0.911793828
1403636710013555456.000000 1.563122153 -0.210278943 1.609346390 -0.014388245 0.393882036 0.089482032 0.914681911
1403636711213555456.000000 1.554227948 -0.221564606 1.763395667 -0.005593962 0.277550936 0.045470424 0.959617972
1403636711513555456.000000 1.543840766 -0.231667638 1.791636467 0.018745411 0.270385206 0.048700798 0.961336970
1403636711863555584.000000 1.520898461 -0.244177416 1.813044310 0.019182565 0.278039366 0.049232211 0.959115446
1403636712163555584.000000 1.492594242 -0.255805850 1.822118759 0.013872633 0.270387918 0.081104122 0.959228873
1403636712463555584.000000 1.464233637 -0.272367686 1.820592523 0.011579097 0.248908594 0.041097093 0.967585385
1403636713163555584.000000 1.380363345 -0.297178984 1.795146346 0.014763830 0.208596855 0.037169043 0.977183640
1403636713913555712.000000 1.284597039 -0.323984653 1.726451159 0.000299663 0.207404852 0.064321853 0.976138234
1403636714413555712.000000 1.237384319 -0.317364007 1.677558661 -0.003786493 0.219659612 0.061876129 0.973604977
1403636714863555584.000000 1.204300404 -0.301622212 1.636336446 -0.027348768 0.162086815 0.036150038 0.985734820
1403636715513555456.000000 1.170919657 -0.312408984 1.593059421 -0.016791729 0.078489184 0.012843523 0.996690810
1403636716713555456.000000 1.146744609 -0.295386225 1.518278599 -0.004218233 0.094738051 0.006780644 0.995470226
1403636717513555456.000000 1.130967021 -0.271615028 1.448340416 -0.007209824 -0.010387370 -0.058756538 0.998192251
1403636718263555840.000000 1.083685279 -0.243259028 1.378784895 -0.009906026 -0.084848858 -0.068178855 0.994009137
1403636718863555584.000000 1.030389428 -0.203270271 1.331447840 -0.017545512 -0.163814425 -0.070337445 0.983824015
1403636719413555712.000000 0.992202461 -0.176955894 1.293238878 0.008671750 -0.166526139 -0.079034947 0.982826233
1403636719863555584.000000 0.967488766 -0.154421613 1.254391074 -0.009673216 -0.156300589 -0.072362185 0.985007763
1403636720263555840.000000 0.951799095 -0.139774129 1.220632195 -0.014407759 -0.151399001 -0.070184015 0.985872686
1403636720713555456.000000 0.939627171 -0.119561657 1.191245794 -0.015188673 -0.156533614 -0.068555705 0.985173464
1403636721863555584.000000 0.941936076 -0.095910728 1.128846288 -0.005718237 -0.037506524 -0.035708807 0.998641789
1403636722563555840.000000 0.945370138 -0.077418864 1.085880876 -0.005866844 -0.031865403 -0.038279079 0.998741627
1403636723413555712.000000 0.939332843 -0.060610533 1.030617237 -0.005848760 -0.016908193 -0.038483430 0.999099076
1403636724263555840.000000 0.923940837 -0.042527057 0.966652155 -0.023111258 0.059860732 -0.003631611 0.997932553
1403636727963555584.000000 0.874861538 -0.115569010 0.772582173 -0.003732404 0.102382876 -0.013598422 0.994645119
1403636729113555456.000000 0.819501758 -0.118551694 0.693566203 0.004985391 0.042961098 -0.021365236 0.998835862
1403636730163555584.000000 0.759555399 -0.096292458 0.600921690 -0.013119270 0.028923970 -0.017344186 0.999345005
1403636731313555456.000000 0.699406207 -0.086776689 0.537706673 -0.006334390 0.023489771 0.001189063 0.999703348
1403636732463555584.000000 0.698958039 -0.043591950 0.518746436 0.002833970 0.029850226 -0.026532425 0.999198198
1403636733763555840.000000 0.650771797 -0.039267190 0.412342489 -0.012988402 0.020754097 -0.023855107 0.999415576
1403636734913555712.000000 0.579848230 -0.025385901 0.309478372 -0.019124791 0.012623944 -0.022975670 0.999473333
1403636735813555456.000000 0.530451000 -0.027037773 0.259192228 -0.017881207 0.026035255 -0.013241217 0.999413371
1403636737163555584.000000 0.468319714 -0.035357486 0.210873112 -0.003464181 -0.035943836 -0.041712400 0.998476923
1403636737863555584.000000 0.423524141 -0.029048277 0.184739441 -0.022838918 -0.051507197 -0.025179198 0.998093903
1403636739463555584.000000 0.424712062 -0.036772225 0.184015587 -0.008240188 0.188522965 0.040252149 0.981208920
1403636740113555456.000000 0.452266425 -0.023005990 0.190557972 -0.007646313 0.243621469 0.062415633 0.967829764
1403636740813555456.000000 0.475858778 0.012930760 0.200043499 -0.006819019 0.227858245 0.060765594 0.971772432
1403636741663555584.000000 0.493783772 0.077834964 0.206048459 -0.023388602 0.252670765 0.075870261 0.964289486
1403636742363555584.000000 0.507601500 0.108126871 0.215661347 -0.022010762 0.240082428 0.062851533 0.968465626
1403636743263555840.000000 0.525452137 0.133676216 0.241138384 -0.042886723 0.245384097 0.075958587 0.965493500
1403636743963555584.000000 0.563869894 0.151966944 0.287967116 -0.005575818 0.269102752 0.069814526 0.960561633
1403636744663555584.000000 0.600784421 0.212472305 0.352689832 0.015103397 0.286597341 0.099742115 0.952725232
1403636745313555456.000000 0.635152459 0.276199609 0.387959838 -0.011960479 0.278404564 0.079344869 0.957106173
1403636746263555840.000000 0.663311481 0.269921780 0.404633999 0.004974125 0.319090605 0.059664924 0.945831180
1403636747263555840.000000 0.632907391 0.246299341 0.419627130 -0.008454513 0.299157202 0.077578172 0.951007426
1403636748263555840.000000 0.614809811 0.181534111 0.448684335 -0.000452831 0.310453415 0.109377287 0.944274902
1403636749213555456.000000 0.619538963 0.134356737 0.470938444 0.010497262 0.319889158 0.117298812 0.940107286
1403636750263555840.000000 0.631466568 0.098395512 0.461795747 0.013076355 0.319653690 0.078467816 0.944189310
1403636751213555456.000000 0.594305158 0.026220866 0.414322793 -0.014762496 0.305075288 0.072986342 0.949412525
1403636752213555456.000000 0.571422637 -0.041823164 0.385605484 -0.016179280 0.279412091 0.076142088 0.957010686
1403636753163555584.000000 0.570380330 -0.088824503 0.370953768 -0.012109478 0.100012429 -0.011215393 0.994849265
1403636754363555584.000000 0.523597598 -0.089424618 0.362487465 0.009897374 0.024088372 -0.033150349 0.999111056
1403636756113555456.000000 0.362838328 -0.067402340 0.253266722 -0.005015903 -0.054864712 -0.052995343 0.997073829
1403636756713555456.000000 0.295171589 -0.057580169 0.210323125 0.001536070 -0.059942856 -0.053245194 0.996779561
1403636757363555584.000000 0.222921088 -0.045791019 0.150454164 -0.000806625 -0.064392112 -0.054493122 0.996435404
1403636758013555456.000000 0.145882860 -0.035015807 0.086282365 -0.030162128 -0.095159031 -0.067130953 0.992737830
1403636758613555456.000000 0.072735503 -0.032211516 0.047081258 -0.053197913 -0.110401638 -0.037614424 0.991749287
1403636759063555840.000000 0.033377349 -0.020972762 0.041077204 -0.006747034 -0.105061702 -0.048530113 0.993257940
1403636759513555456.000000 0.012916103 -0.001524393 0.040588941 -0.003442293 -0.109916024 -0.040380090 0.993114352
1403636761413555712.000000 -0.000109014 0.055678762 0.018494932 -0.036015198 -0.105292268 -0.069425069 0.991361022
1403636761763555840.000000 -0.011809634 0.053879343 0.021551054 -0.007694200 -0.110774480 -0.047559444 0.992677152
1403636762113555456.000000 -0.017255684 0.049832385 0.021918740 -0.004267514 -0.099140927 -0.074061282 0.992304265
1403636762563555840.000000 -0.029852629 0.050681457 0.022826353 -0.032371756 -0.108649388 -0.040032029 0.992746115
1403636762863555584.000000 -0.035458650 0.061711065 0.033310406 0.020180771 -0.114613481 -0.027448438 0.992825806
1403636763163555584.000000 -0.028121060 0.063765801 0.028871542 0.018347809 -0.070733957 -0.013677664 0.997232676
1403636763513555456.000000 -0.027912479 0.064443894 0.029432474 0.003187471 -0.069377966 -0.008562870 0.997548580
