1403636579763555584.000000 0.000000000 0.000000000 0.000000000 -0.000000000 -0.000000000 -0.000000000 1.000000000
1403636580063555584.000000 -0.001462975 0.130868539 0.040482476 -0.020786474 0.005961565 -0.000500721 0.999766052
1403636580463555584.000000 -0.006906903 0.292431265 0.075970128 -0.055339862 0.003154390 -0.001992146 0.998460591
1403636580563555584.000000 -0.008740108 0.297491491 0.074901395 -0.070755176 0.002135318 -0.001546139 0.997490227
1403636580863555584.000000 -0.011876428 0.139541149 0.038854811 -0.049221270 0.012410901 -0.012392480 0.998633921
1403636581063555584.000000 -0.018126767 -0.008439518 0.007532168 -0.020333707 0.019325331 -0.019084938 0.999424279
1403636581213555456.000000 -0.019158652 -0.094349548 -0.011882091 0.002286162 0.020878365 -0.013390303 0.999689758
1403636582163555584.000000 -0.000705236 0.253172815 0.066244282 -0.053108834 0.020426108 -0.009763529 0.998332083
1403636584863555584.000000 -0.000423284 -0.158535689 -0.017593803 0.013600371 0.046116490 -0.016658200 0.998704553
1403636586363555584.000000 0.006371667 0.108769618 -0.019203417 -0.166755632 0.043424826 0.012708375 0.984959602
1403636587613555456.000000 0.141313180 0.086841032 -0.006697508 -0.197851449 0.032515973 0.016359325 0.979556024
1403636588163555584.000000 0.326096207 0.084022552 0.012143872 -0.205269679 0.065766156 0.032464240 0.975953519
1403636592613555456.000000 0.235319093 0.064186074 0.164090052 -0.158280596 0.068535507 0.037068028 0.984315038
1403636592813555456.000000 0.176016629 0.050625365 0.215812489 -0.152086586 0.026218053 0.018520568 0.987845838
1403636592963555584.000000 0.100937501 0.050787766 0.227318868 -0.159739375 -0.017432500 0.009499535 0.986959577
1403636593113555456.000000 0.010131492 0.058870930 0.206278801 -0.167405128 -0.059021547 -0.003407594 0.984114051
1403636593263555584.000000 -0.080012366 0.074020199 0.158294916 -0.169168741 -0.095180660 -0.003729735 0.980973303
1403636593413555456.000000 -0.141910046 0.094477348 0.095942423 -0.175345615 -0.110507861 -0.005265009 0.978271067
1403636593613555456.000000 -0.163761973 0.132036820 0.007166067 -0.184344351 -0.096139506 -0.000327693 0.978148401
1403636593763555584.000000 -0.137387916 0.160984457 -0.048054729 -0.195911065 -0.065145344 0.016425233 0.978317559
1403636593863555584.000000 -0.100357264 0.174038336 -0.079412185 -0.195384696 -0.030578090 0.030500764 0.979775250
1403636594013555456.000000 -0.026657620 0.183584377 -0.111510083 -0.179519504 0.029700026 0.051080208 0.981978357
1403636594263555584.000000 0.115951709 0.178313732 -0.108476624 -0.173644274 0.110592894 0.074358486 0.975749850
1403636594613555456.000000 0.286334455 0.136089653 0.029639421 -0.151597440 0.140706748 0.064268552 0.976262987
1403636594813555456.000000 0.280952871 0.111203723 0.115989491 -0.141539872 0.119594067 0.059262585 0.980893314
1403636595063555584.000000 0.132479981 0.103316955 0.173847198 -0.136035457 0.038890421 0.023965703 0.989650249
1403636595213555456.000000 0.014796914 0.113069072 0.170788050 -0.143791825 -0.019009765 0.008153823 0.989391744
1403636595363555584.000000 -0.070792012 0.128498808 0.141782701 -0.151069552 -0.063656218 -0.003389679 0.986465633
1403636595813555456.000000 -0.008465478 0.181741282 0.013380717 -0.164777562 -0.044489264 -0.007947227 0.985294819
1403636595963555584.000000 0.075474277 0.200653389 -0.021817517 -0.165722013 0.003256594 0.002143097 0.986164808
1403636596113555456.000000 0.134974912 0.218650967 -0.064369641 -0.172335535 0.046755094 0.015223728 0.983810306
1403636596563555584.000000 0.031655494 0.232203588 -0.224756762 -0.158143640 0.063586436 0.021908227 0.985123038
1403636597563555584.000000 0.058089286 0.114001177 0.123451754 -0.162293553 -0.009578495 -0.025949843 0.986354768
1403636598113555456.000000 -0.033354048 0.154403821 0.046693023 -0.148461968 -0.078482017 -0.047623511 0.984647989
1403636598363555584.000000 -0.022468200 0.207915604 -0.024020176 -0.186544105 -0.063101351 -0.054550361 0.978899300
1403636598663555584.000000 0.012585279 0.232569411 0.032281678 -0.165355906 -0.066741988 -0.056866549 0.982328415
1403636598863555584.000000 0.029694553 0.246020094 0.107654557 -0.121188924 -0.089209564 -0.052270401 0.987229824
1403636599013555456.000000 0.041073017 0.266724706 0.158101454 -0.093535729 -0.092336453 -0.049815752 0.990072429
1403636599113555456.000000 0.045078840 0.277591497 0.181829527 -0.075428285 -0.098569319 -0.045229629 0.991236091
1403636599163555584.000000 0.046241712 0.280622929 0.190568998 -0.063308701 -0.102881774 -0.042013075 0.991787434
1403636599413555456.000000 0.050033037 0.291640818 0.229884863 -0.002366974 -0.100165777 -0.033908088 0.994390011
1403636599613555456.000000 0.051891916 0.305277914 0.249558017 -0.007432371 -0.085196920 -0.031593829 0.995835364
1403636624363555584.000000 0.062330212 0.314040661 0.252353728 0.011086773 -0.080315210 -0.018728029 0.996531904
1403636624613555456.000000 0.078087777 0.316553235 0.242343813 -0.005996793 -0.071798861 -0.021294242 0.997173786
1403636624913555456.000000 0.120385274 0.322887838 0.214466050 -0.013887847 -0.061344348 -0.052834187 0.996620536
1403636625063555584.000000 0.141014248 0.308035314 0.187167257 -0.031932537 -0.056631099 -0.069741756 0.995444298
1403636626663555584.000000 0.114170268 -0.038285717 0.188429683 0.012267269 -0.079381101 -0.047348507 0.995643675
1403636628863555584.000000 0.387067884 -0.168491259 0.174136385 -0.015743716 -0.014763734 -0.022203673 0.999520481
1403636629563555584.000000 0.589088321 -0.240934446 0.266011477 -0.012361427 0.041926272 0.007646995 0.999014974
1403636629863555584.000000 0.707707942 -0.208743364 0.344578058 -0.035343159 0.103078224 0.021334460 0.993816197
1403636630163555584.000000 0.842898548 -0.201209500 0.454827309 -0.023359185 0.146096379 0.031791918 0.988483429
1403636630313555456.000000 0.911883771 -0.228367835 0.509715259 -0.006779284 0.155130848 0.031802185 0.987358689
1403636630763555584.000000 1.108585954 -0.347472459 0.635251760 -0.018410577 0.152964681 0.020297660 0.987851679
1403636631663555584.000000 1.448269486 -0.414164156 1.002214789 -0.011733069 0.140156955 0.018815221 0.989880979
1403636632963555584.000000 1.746199250 -0.486426115 1.527438402 -0.021828936 0.066423222 -0.000331585 0.997552693
1403636634113555456.000000 1.969857931 -0.627808511 2.178250790 -0.026226427 0.032060321 0.009093504 0.999100387
1403636635063555584.000000 2.251762867 -0.862734616 2.809269190 -0.017775131 0.002579333 -0.031650212 0.999337614
1403636635813555456.000000 2.410130978 -1.072947025 3.304341555 -0.017808096 -0.011482276 -0.010631251 0.999718964
1403636636363555584.000000 2.590786695 -1.371297359 3.670792580 -0.007233826 -0.002210855 -0.028788688 0.999556899
1403636637563555584.000000 2.799210310 -1.609129071 4.283912659 -0.021984370 -0.010957549 -0.033164896 0.999148011
1403636638963555584.000000 2.853494883 -1.867896557 4.939863205 -0.023627445 -0.022330383 -0.023295017 0.999199927
1403636639913555456.000000 3.102906942 -1.961099148 5.614764690 -0.004041848 -0.022006936 -0.032198243 0.999231040
1403636641013555456.000000 3.351568937 -2.133571148 6.165613651 -0.009776262 -0.058494590 -0.051715478 0.996899366
1403636644013555456.000000 3.814687490 -2.382031918 6.862967491 -0.048315447 -0.002744184 -0.027098969 0.998460710
1403636645413555456.000000 4.273934841 -2.356634140 7.655247211 -0.050901625 0.004076709 -0.023882683 0.998409748
1403636646263555584.000000 4.592073917 -2.599378586 8.363094330 -0.010315375 0.045316983 0.011831354 0.998849332
1403636646863555584.000000 4.899943829 -2.844240427 8.808932304 0.008520055 0.153169319 0.030807393 0.987682879
1403636647963555584.000000 5.443256855 -3.116598606 9.247422218 0.008115274 0.163500398 0.038700316 0.985750496
1403636648813555456.000000 5.912481308 -3.002580881 9.379530907 -0.005340931 0.340741992 0.099120267 0.934901893
1403636650463555584.000000 6.608961105 -3.325808764 9.129433632 0.010051192 0.436249167 0.121296726 0.891556382
1403636652463555584.000000 6.726941586 -2.998096704 8.423425674 -0.004130343 0.620325625 0.202739254 0.757678032
1403636653913555456.000000 6.912832737 -2.815521955 7.721171379 0.010993259 0.641461849 0.179382861 0.745806694
1403636655013555456.000000 6.821856499 -2.698184967 7.299809933 0.005100557 0.717278481 0.219326317 0.661348283
1403636655913555456.000000 6.557586193 -2.492359877 7.049612522 0.011876998 0.764067471 0.259820700 0.590383708
1403636656713555456.000000 6.273687363 -2.366286755 6.691774368 0.009449264 0.795772910 0.257145286 0.548208535
1403636657663555584.000000 5.875354290 -2.160432816 6.276308060 0.018959921 0.785361528 0.268385172 0.557509780
1403636658413555456.000000 5.484508038 -1.913132429 5.820338726 -0.002954795 0.795522690 0.269081742 0.542890489
1403636659513555456.000000 5.145737648 -1.478524804 5.253990173 -0.005964410 0.801318824 0.252388984 0.542358041
1403636660313555456.000000 4.959479809 -1.188940644 5.123532295 -0.020750428 0.800521076 0.271174133 0.534041226
1403636661763555584.000000 5.145154476 -0.777797163 5.315337181 0.010813294 0.806509793 0.246354669 0.537340164
1403636663613555456.000000 5.056101799 -0.739820004 5.756387234 -0.039014231 0.797802746 0.284032822 0.530390441
1403636664813555456.000000 5.746282101 -0.661762595 6.131071091 0.000487483 0.793706238 0.236868307 0.560288846
1403636666913555456.000000 6.703121185 -1.224127412 7.230994225 -0.001565616 0.775971174 0.274704516 0.567806065
1403636668863555584.000000 7.445090771 -1.232246280 7.885339737 -0.022076558 0.797243893 0.237619787 0.554483354
1403636669563555584.000000 7.784507751 -1.313137054 8.254112244 0.008451621 0.801572084 0.228931487 0.552269101
1403636671813555456.000000 6.497116089 -1.417355537 7.414619923 -0.046833340 0.570196152 0.203801170 0.794448376
1403636673013555456.000000 6.186561584 -1.257655621 6.433579922 -0.025224335 0.566794455 0.164424255 0.806890607
1403636675713555456.000000 7.021045208 -1.324394345 7.455156326 -0.018201835 0.457767487 0.098946922 0.883361280
1403636676663555584.000000 7.399005413 -1.374238968 8.208702087 -0.024601748 0.269127250 0.051590998 0.961407125
1403636677863555584.000000 7.583345890 -1.589926958 9.137649536 0.006731937 0.139992803 0.037651822 0.989413500
1403636678913555456.000000 7.668659687 -1.803333402 9.527089119 -0.010790383 -0.058586519 -0.088061281 0.994332135
1403636679963555584.000000 7.511903763 -1.936038733 9.687962532 0.009334487 -0.250384122 -0.115765423 0.961155057
1403636681913555456.000000 6.692692757 -1.834219456 8.910369873 0.001670945 -0.238726914 -0.115385331 0.964205861
1403636683813555456.000000 5.672443390 -1.476204634 7.843546867 -0.014280031 -0.244538665 -0.108340882 0.963462114
1403636685613555456.000000 5.021815300 -1.139088154 6.691137314 -0.009322917 -0.244532302 -0.113902442 0.962882817
1403636686613555456.000000 4.683538914 -0.862026870 6.033100605 -0.022261541 -0.245572045 -0.107335210 0.963160396
1403636687363555584.000000 4.450473309 -0.753343761 5.648241520 -0.009011776 -0.250939816 -0.103680618 0.962391973
1403636687963555584.000000 4.324124336 -0.559953332 5.409262657 -0.005179522 -0.254235834 -0.104477704 0.961468518
1403636688413555456.000000 4.253810406 -0.373545587 5.237345219 -0.007296764 -0.253883719 -0.108024880 0.961155772
1403636689013555456.000000 4.129211903 -0.119282007 4.990505695 -0.012953652 -0.263344735 -0.125037432 0.956476569
1403636689663555584.000000 3.913040638 -0.084932953 4.685496807 -0.033313405 -0.291535646 -0.119360328 0.948499024
1403636690613555456.000000 3.608138084 -0.225749806 4.638284206 -0.038735159 -0.288175881 -0.102090664 0.951331615
1403636691263555584.000000 3.591364384 -0.282628924 4.923882008 0.028060958 -0.303887725 -0.063971661 0.950143397
1403636691563555584.000000 3.763192177 -0.368669063 5.016006947 0.004415704 -0.298951566 -0.100358181 0.948966146
1403636692263555584.000000 4.244616508 -0.605760396 5.125947475 0.000647254 -0.294137299 -0.122982286 0.947817624
1403636693013555456.000000 4.705121517 -0.968634784 5.090917587 -0.014397592 -0.276091099 -0.154918805 0.948454857
1403636694313555456.000000 4.891413689 -1.207915068 5.221125603 -0.005082505 -0.296853572 -0.120964982 0.947216749
1403636696413555456.000000 4.975584507 -1.301106095 5.685424328 -0.000498037 -0.275629848 -0.121604063 0.953540981
1403636699213555456.000000 4.337943077 -1.047340512 5.189177513 -0.017388234 0.048961818 0.004901437 0.998637259
1403636700363555584.000000 4.216509342 -0.889911056 5.055647373 -0.009516759 0.231887937 0.082156494 0.969220161
1403636701413555456.000000 4.436027527 -0.615585208 4.923413277 -0.025312813 0.285844266 0.083905660 0.954260051
1403636702413555456.000000 4.744688034 -0.525767207 4.852507114 -0.013387132 0.376264691 0.111589998 0.919670284
1403636703613555456.000000 5.186435223 -0.233065307 5.010829926 -0.008858163 0.388825178 0.110496812 0.914618492
1403636705063555584.000000 5.827569008 -0.182302415 5.199361801 -0.054399010 0.371560097 0.112467661 0.919964612
1403636705813555456.000000 6.284770012 -0.226279080 5.618588448 -0.024121793 0.373730838 0.102999695 0.921484947
1403636706163555584.000000 6.499605179 -0.284879744 5.845290661 0.007492667 0.363859028 0.121289089 0.923493087
1403636706813555456.000000 6.898513794 -0.334610581 6.219435692 -0.027771428 0.370640188 0.094587818 0.923530102
1403636707663555584.000000 7.351595402 -0.667329967 6.779320717 -0.024665629 0.382227033 0.110038176 0.917161763
1403636708663555584.000000 7.931382179 -0.844880223 7.614544392 0.008292357 0.367836654 0.116083793 0.922578990
1403636709713555456.000000 8.359407425 -0.976925015 8.248612404 -0.015124537 0.394565672 0.089290120 0.914394021
1403636710913555456.000000 8.367674828 -1.051589608 9.105031967 0.001995103 0.300493449 0.077018172 0.950667083
1403636713813555456.000000 6.966647625 -1.613465786 9.131735802 0.002887656 0.201316729 0.064461991 0.977398574
1403636715163555584.000000 6.378970623 -1.526337266 8.473983765 -0.031495783 0.100852795 0.005202037 0.994389117
1403636718613555456.000000 5.664778709 -1.107476354 7.082026958 -0.014824989 -0.146036461 -0.063690089 0.987115562
1403636721363555584.000000 5.042841911 -0.496824801 6.062544346 -0.003576066 -0.083066545 -0.038429089 0.995796382
1403636725963555584.000000 4.800062180 -0.328170359 4.541843891 -0.012955922 0.112726696 0.018893316 0.993361950
1403636729963555584.000000 4.153712273 -0.504427910 3.213386536 -0.010054751 0.028031807 -0.019525956 0.999365747
1403636732813555456.000000 3.747430325 -0.182954371 2.596736908 0.017641965 0.026593475 -0.032372091 0.998966277
1403636734563555584.000000 3.239470005 -0.142683357 1.735625267 -0.013158903 0.014314867 -0.019954480 0.999611795
1403636739563555584.000000 2.317384481 -0.167477876 0.928546190 -0.007120945 0.209839582 0.048212957 0.976520479
1403636741663555584.000000 2.659843445 0.425548494 1.028820395 -0.023495281 0.251412511 0.074430734 0.964727819
1403636744713555456.000000 3.249004364 1.194767475 1.822534084 0.017493678 0.286147028 0.094872303 0.953316867
1403636749663555584.000000 3.393976212 0.622094035 2.414950132 -0.001024206 0.335119575 0.075653709 0.939132750
1403636752363555584.000000 3.086767673 -0.247809544 1.975177050 -0.001187197 0.263145447 0.066564299 0.962456405
1403636756813555456.000000 1.523037434 -0.290387839 1.052983046 0.001720209 -0.061523829 -0.052739266 0.996709824
1403636757713555456.000000 0.989598215 -0.168475747 0.587739289 -0.030296447 -0.077931270 -0.067094930 0.994236946
1403636760213555456.000000 0.058098484 0.107654929 0.158728257 -0.025208745 -0.105720825 -0.057846259 0.992391825
1403636762213555456.000000 -0.098162852 0.260144353 0.110384397 -0.009657633 -0.094429791 -0.085999765 0.991762996
1403636762363555584.000000 -0.118310280 0.256915241 0.105491385 -0.033508666 -0.095005386 -0.080547377 0.991646767
1403636762513555456.000000 -0.148736268 0.266800374 0.113446757 -0.036628127 -0.103769369 -0.053168263 0.992503643
1403636762663555584.000000 -0.177108467 0.288004667 0.133400649 -0.021798704 -0.115555495 -0.017991563 0.992898822
1403636762813555456.000000 -0.187406376 0.331350774 0.164974853 -0.010720409 -0.109890200 -0.037550993 0.993176341
1403636762863555584.000000 -0.186973840 0.331140339 0.169463202 0.020152878 -0.113920130 -0.027629809 0.992901146
1403636762913555456.000000 -0.181180939 0.329796910 0.164059892 0.031796049 -0.110229969 -0.033716317 0.992825031
1403636762963555584.000000 -0.176489934 0.334397852 0.160141841 0.002340907 -0.099583097 -0.049120121 0.993813336
1403636763013555456.000000 -0.166608423 0.339568615 0.157052383 -0.005017779 -0.090591922 -0.039663952 0.995085299
1403636763113555456.000000 -0.151751310 0.346012622 0.149511114 0.002622379 -0.076643810 -0.017821403 0.996895790
